21
98
511
38
268
449
571
1023
139
704
706
191
797
72
403
749
276
166
759
26
230
263
666
215
321
767
34
848
905
930
854
926
42 c'est la vie
341
964
272
790
511
272
929
192
978
96
989
26
499
714
303
666
450
329
896
713
995
87
10
738
121
859
619
27
689
522
31
6
462
303
797
974
575
702
142
529
799
107
556
274
822
859
940
248
164
812
961
135
899
971
874
1020
806
469
23
471
991
54
478
430
358
251
380
933
953
522
439
728
629
995
1003 c'est long
427
830
919
675
994
708
612
105
583
560
979
580
342
425
603
814
392
658
268
822
1016
519
178
925
448
700
340
153
306
311
132
733
117
27
385
87
735
997
193
295
533
148
875
876
573
454
666
966
88
934
764
80
429
943
1006
877
619
322
6
925
634
138
635
751
166
1020
839
901
993
8
172
503
156
23
355
730
478
1021
672
566
931
412
647 on aime pas le conflit
336
331
629
189
951
951
196
852
561
334
463
289
500
459
104
378
429
112
550
932
268
574
263
998
28
260
646
594
167
35
217
503
366
846
692
293
774
888
122
311
199
585
600
699
21
704
53
450
816
604
358
61
154
621
35
182
881
682
776
24
717
994
527
59
816
195
353
566
60
475
878
259
36
454
958
57
135
1012
507
951
592
865
1012
746
462
24
928
319
706
680
343
399
650
870
458
443
42
811
1009
102
262
863
361
299
294
295
356
429
283
864
356
875
705
345
597
144
369
501
463
51
158
807
450
808
653
908
227
695
696
213
797
958
52
134
233
346
430
590
775
713
430
108
565
111
453
138
255
822
640
719
873
798
502
299
582
131
183
810
827
879
1023
600
814
51
735
23
398
141
613
149
854
19
257
395
131
710
534
386
508
150
81
357
948
583
656
506
715
840
292
518
695
291
94
485
343
829
509
741
970
98
890
801
118
124
172
249
834
706
635
319
856
717
676
780
276
309
263
991
125
555
485
820
847
580
282
166
385
791
907
332
889
773
109
1007
897
281
232
708
988
868
3
820
561
679
577
837
988
840
805
89
371
266
910
194
846
168
360
208
959
243
540
824
1017
649
808
890
930
16
574
894
884
577
691
421
233
244
235
197
60
16
287
431
282
173
626
105
341
986
313
276
206
853
76
199
478
884
65
384
901
640
255
761
193
946
159
426
166
394
624
226
410
911
657
692
60
259
797
401
222
86
677
428
939
753
627
393
614
692
778
491
308
9
228
502
955
387
928
97
781
528
323
167
415
980
860
475
216
633
876
438
720
529
866
635
259
469
5
873
137
783
340
446
792
568
948
723
956
852
820
713
357
119
881
772
75
717
224
291
326
76
729
22
606
571
658
865
16
663
714
154
422
30
600
190
598
524
913
530
352
709
220
709
828
77
458
903
794
682
171
96
758
900
119
340
448
777
181
464
416
895
618
838
925
194
4
500
718
917
6
47
602
226
756
406
303
190
285
73
872
456
170
607
333
289
947
781
42
105
221
458
1000
840
272
902
10
276
378
729
169
384
776
771
611
508
153
914
699
438
988
547
895
134
130
204
423
54
985
465
159
182
923
135
1022
171
13
9
447
391
738
616
776
490
363
363
998
516
253
673
954
217
197
825
351
327
5
774
381
990
215
540
149
114
676
147
285
689
156
732
57
894
324
833
360
687
172
335
179
425
1008
110
643
181
935
994
509
941
745
890
907
960
407
32
51
59
180
336
748
336
45
805
207
369
614
567
33
786
902
212
188
887
322
831
44
234
801
553
151
522
420
34
459
827
67
510
886
247
846
610
583
891
392
790
237
1006
334
270
769
212
482
957
75
805
764
120
15
541
673
166
40
69
200
499
896
267
1009
758
514
831
345
74
699
737
864
936
719
174
182
464
387
664
397
462
445
137
582
460
679
232
626
719
301
827
194
174
70
179
932
585
1010
253
659
685
990
499
597
686
674
779
126
37
420
524
499
865
661
58
302
316
290
928
11
591
731
205
765
802
384
674
363
371
927
1022
32
894
497
630
556
147
385
682
184
805
182
684
647
844
742
949
136
8
853
148
599
561
353
341
339
738
1015
702
85
918
700
117
788
173
747
320
321
109
1003
505
914
161
165
537
1005
907
462
118
915
292
266
491
853
619
832
168
333
823
870
418
717
546
536
482
719
259
802
16
368
781
522
259
943
687
796
924
571
235
18
462
527
284
953
356
904
761
524
213
560
370
632
254
916
144
736
611
403
514
628
772
272
126
7
191
813
803
91
360
14
110
823
541
394
752
897
274
490
397
488
26
767
96
280
659
240
1016
247
643
507
875
391
779
1001
398
970
790
178
37
127
192
147
950
734
542
678
607
816
144
1005
280
171
748
376
451
384
616
444
631
236
951
482
627
706
459
2
652
225
180
689
352
372
837
278
82
355
957
690
147
77
671
428
248
395
804
700
779
397
120
386
633
47
868
236
753
303
238
381
529
418
46
881
791
883
136
873
214
69
539
362
146
186
790
395
582
570
71
337
967
191
724
576
238
568
813
991
872
27
348
377
446
394
234
213
254
370
62
468
439
602
830
586
788
596
981
346
143
28
684
86
219
384
663
457
952
452
424
800
479
772
153
925
142
388
114
396
758
177
865
174
779
671
760
543
244
717
890
387
745
550
473
964
934
112
397
862
564
821
639
20
569
792
945
711
156
36
84
915
213
949
65
992
596
825
511
840
518
377
203
239
927
677
179
837
789
576
676
330
373
291
350
942
59
271
629
216
307
713
107
520
638
172
488
211
997
1000
27
491
353
231
730
257
908
909
70
673
461
746
1003
834
13
329
752
73
601
357
289
908
47
396
405
685
568
893
896
541
869
924
8
199
131
738
456
15
623
526
688
60
249
668
894
262
997
622
335
574
979
624
459
2
1020
864
688
564
733
560
81
579
460
89
778
591
827
210
606
426
736
271
486
985
939
356
224
912
978
559
463
934
160
922
936
156
762
600
721
471
137
802
26
597
892
804
165
695
1014
771
98
727
18
584
688
957
941
912
846
895
448
285
805
608
183
718
764
945
294
461
392
431
240
419
5
108
199
170
803
190
941
901
917
960
462
581
893
379
470
715
250
918
1000
32
502
159
750
242
80
20
704
473
452
944
892
457
28
67
627
831
257
544
709
150
480
147
732
350
526
178
41
776
72
18
808
574
177
534
816
258
555
496
731
1007
416
599
440
444
666
43
252
924
587
961
50
44
84
782
394
610
960
435
362
8
453
147
582
631
681
375
889
212
871
596
195
264
171
635
708
837
678
960
737
242
897
788
286
981
546
680
567
483
91
930
491
545
53
50
152
734
425
17
947
272
613
118
536
784
754
221
597
408
157
311
650
31
75
936
1012
621
592
556
80
684
462
572
205
515
622
357
225
23
374
148
295
987
267
832
747
1021
29
320
405
186
631
32
217
706
968
206
304
537
762
384
197
200
956
402
715
554
759
940
577
109
65
873
72
332
681
819
329
710
115
734
896
747
766
90
429
711
296
733
224
34
94
421
234
26
823
949
581
558
865
134
667
930
1007
739
238
664
534
567
350
649
278
223
372
20
313
802
731
609
511
955
643
605
352
877
632
151
802
189
709
643
323
352
550
307
67
788
971
601
332
298
227
610
521
599
630
834
377
338
419
889
269
38
470
622
915
78
773
693
267
459
312
591
811
862
898
879
627
845
456
959
119
683
545
640
259
151
450
636
489
869
501
759
907
972
357
798
26
106
467
294
565
780
885
353
618
759
208
221
580
664
156
700
324
701
316
583
853
767
195
318
612
697
53
496
645
410
270
671
517
738
965
58
494
826
411
88
561
619
310
118
260
466
818
584
144
110
143
997
877
338
291
466
11
345
962
656
755
208
304
248
946
245
307
416
48
718
505
609
314
815
727
574
257
521
134
401
632
277
374
485
615
666
951
627
1011
889
259
742
74
563
991
1020
809
274
413
857
992
918
442
282
709
146
856
966
667
990
344
275
243
718
761
859
360
688
462
347
554
721
66
628
261
33
624
46
307
13
903
275
931
321
558
616
467
390
559
111
357
903
386
600
597
123
435
958
812
897
281
342
595
347
970
856
380
570
902
687
584
781
963
491
78
497
84
546
887
643
657
220
522
19
821
95
143
232
29
955
106
311
273
701
658
219
533
15
789
411
702
349
168
641
841
246
114
925
792
1002
544
425
198
42
445
1019
137
588
228
167
519
334
478
792
11
112
1011
544
127
776
955
830
102
99
447
943
345
562
844
114
540
364
539
738
406
984
734
543
548
962
710
43
272
164
835
283
277
822
827
404
575
758
210
677
857
658
596
178
196
416
292
736
780
832
450
162
792
160
705
317
98
392
360
370
556
172
653
833
994
456
214
545
190
424
198
23
58
794
202
254
186
494
990
966
302
417
104
71
577
810
388
676
178
748
22
734
920
676
544
891
108
758
412
299
158
611
322
217
381
524
471
568
1019
438
510
297
855
615
368
408
401
756
60
579
481
83
289
377
759
833
244
867
567
657
142
726
244
465
943
625
989
390
169
984
828
680
258
659
271
626
44
672
359
104
227
840
187
516
193
946
326
438
790
893
71
932
595
315
373
514
940
339
905
86
299
709
766
557
345
13
160
389
685
519
493
912
335
681
404
528
603
730
966
369
600
13
278
171
328
651
686
245
990
567
331
266
252
73
823
597
86
983
986
771
478
456
659
813
113
39
318
716
770
260
62
346
274
340
517
602
991
179
847
958
746
154
200
999
227
1023
572
313
983
535
60
437
991
719
227
80
759
545
796
505
805
858
851
55
174
344
658
142
524
481
76
246
636
276
221
863
275
794
153
234
305
213
672
272
933
899
352
668
420
124
149
201
983
1000
257
133
320
915
275
844
372
351
67
1008
627
288
848
903
58
1001
113
363
190
785
635
99
660
987
767
56
88
916
258
47
892
515
180
189
406
456
9
778
807
76
763
411
365
587
290
423
564
403
787
754
165
398
854
825
362
597
882
450
490
116
497
358
631
677
547
13
109
557
791
917
633
530
304
998
93
594
398
657
997
161
388
138
559
218
964
921
815
822
347
281
938
844
640
545
498
163
558
607
720
325
500
330
856
804
304
949
374
702
583
348
863
971
486
399
165
426
296
980
224
644
238
138
464
878
683
962
17
217
546
738
543
22
44
375
827
348
300
177
27
883
525
890
830
1012
265
995
414
562
952
639
182
166
777
646
20
437
585
37
654
107
775
173
129
819
548
956
144
849
110
171
708
635
37
515
623
303
486
14
865
414
653
23
580
406
669
600
843
230
638
474
337
389
647
467
185
172
399
329
1021
509
500
705
121
537
196
744
840
683
758
681
73
387
704
654
794
350
230
613
580
868
63
918
234
711
361
419
883
760
748
880
246
224
561
367
761
758
87
578
417
846
235
490
209
940
120
1003
266
351
593
846
195
656
740
429
343
77
848
202
838
572
58
60
796
620
427
534
354
514
88
771
336
323
237
546
239
358
525
505
709
94
328
904
751
44
310
70
122
134
273
960
707
331
1020
479
951
423
1013
281
937
77
28
250
401
266
796
640
624
297
122
309
392
450
189
119
494
499
189
616
634
462
552
317
794
548
796
721
971
786
1003
885
863
7
111
240
273
907
881
897
180
1003
182
572
429
372
691
923
871
881
516
481
319
44
798
89
593
571
811
540
333
790
401
172
797
512
413
47
395
270
944
576
249
103
124
678
475
816
577
322
673
69
804
992
114
578
58
707
125
869
223
458
635
625
631
408
113
20
455
509
290
376
61
539
479
185
193
954
1001
770
252
650
840
32
619
954
611
677
637
736
522
860
171
133
461
802
541
575
822
997
60
88
349
121
627
828
306
820
758
284
566
1010
934
382
19
529
312
630
182
949
342
704
786
513
837
223
291
355
798
89
328
858
177
677
979
804
481
262
600
215
546
143
201
456
525
220
986
838
850
144
763
169
849
525
682
662
749
974
1017
523
39
321
358
217
998
313
1021
455
575
598
670
97
741
872
554
242
68
516
56
919
660
820
64
485
321
746
124
46
696
117
570
736
439
928
953
413
217
950
869
793
524
515
890
241
363
420
484
432
936
540
327
573
336
391
34
658
113
158
704
810
276
250
522
715
154
451
104
372
377
973
141
902
465
7
119
828
428
603
236
340
120
563
913
456
954
948
90
44
82
795
854
358
21
352
49
176
803
154
548
156
103
689
34
568
696
154
373
100
757
609
441
877
149
330
310
79
254
400
123
337
171
977
695
193
305
745
369
84
899
917
241
1002
582
275
547
254
429
920
355
163
505
796
16
654
102
326
734
357
727
857
694
898
811
365
67
92
86
436
177
985
329
418
964
911
693
487
142
99
383
497
262
888
269
278
519
371
605
229
728
308
62
398
182
873
764
250
966
850
686
119
812
1016
537
752
903
206
215
21
305
598
518
567
462
787
846
981
135
427
186
863
735
249
238
917
98
1002
143
40
828
830
159
616
822
696
344
701
903
559
723
184
133
217
752
596
1005
574
553
116
1001
740
979
712
989
193
605
63
171
749
104
1000
555
263
592
353
960
937
30
839
472
753
1023
606
971
751
178
952
301
731
44
278
447
1023
990
412
193
572
476
364
297
580
340
852
843
933
181
779
846
211
594
294
965
594
900
912
321
54
840
623
786
884
901
209
883
868
622
52
416
74
417
713
654
757
541
473
666
722
229
488
933
823
783
874
393
659
762
715
714
578
314
476
438
191
685
298
35
283
350
451
357
767
140
1011
501
681
461
143
379
690
632
289
489
391
139
883
26
902
574
740
456
888
192
895
55
878
169
91
137
519
542
495
263
683
482
764
340
943
907
720
609
515
1009
75
906
124
958
933
2
508
649
459
372
842
330
427
696
499
518
833
1018
37
304
257
720
787
1021
36
706
905
756
292
396
741
367
279
866
301
188
868
809
837
303
157
655
633
584
327
108
79
137
103
116
441
360
836
204
358
872
911
239
605
179
635
322
546
914
164
847
78
9
632
916
312
789
547
946
349
875
30
428
1012
133
544
429
494
356
634
852
205
521
67
810
700
702
108
222
593
273
45
671
282
677
563
594
442
87
516
791
962
547
196
950
680
740
355
150
73
989
1002
278
486
45
64
162
748
172
384
317
445
429
988
727
82
528
298
524
615
814
292
553
337
488
479
1018
204
834
144
277
800
123
555
262
168
619
425
916
792
809
209
213
215
174
941
297
702
215
822
293
5
90
846
343
578
301
337
782
111
481
36
911
604
591
150
773
187
575
665
979
360
875
168
575
25
85
873
727
300
671
1020
306
761
842
649
315
119
986
73
230
443
109
118
24
701
268
797
888
843
438
843
179
289
1011
755
314
73
604
17
373
251
13
679
1012
855
304
303
974
266
376
181
710
486
299
734
163
567
507
27
386
945
870
565
211
857
296
525
930
900
543
280
127
556
959
115
388
240
418
338
506
795
519
192
257
818
926
420
361
409
447
747
331
293
289
542
126
585
43
33
462
586
313
589
119
248
705
507
488
99
845
995
894
341
163
127
135
66
547
497
475
994
220
806
263
509
324
390
71
368
423
533
954
736
98
49
984
803
556
449
903
378
420
773
719
583
901
854
649
424
327
101
395
548
907
658
33
208
24
104
576
447
637
506
159
736
556
120
515
88
569
394
466
989
144
161
548
21
1016
174
445
319
275
840
867
158
475
901
366
499
1005
942
947
619
425
82
331
981
202
846
45
771
217
512
736
361
673
261
382
665
435
827
985
710
644
828
868
95
705
211
594
687
129
517
282
554
600
613
511
802
435
557
550
652
45
262
1013
718
523
371
360
958
175
321
644
819
125
489
914
831
700
484
494
829
1002
776
360
578
365
871
356
800
404
906
429
449
145
418
144
668
790
504
603
965
825
223
760
950
712
650
757
388
110
227
194
88
1003
554
666
344
401
1023
121
806
905
550
231
26
968
375
695
734
879
274
675
680
497
411
607
186
37
340
574
148
568
768
236
547
298
903
892
700
902
1013
482
783
539
713
810
483
65
481
194
944
755
869
601
228
257
184
414
294
524
989
442
68
733
679
616
8
558
484
708
436
473
166
195
1012
879
1005
471
944
462
665
865
193
511
442
422
768
626
836
38
126
801
481
195
511
136
811
519
694
271
203
106
744
369
301
732
224
283
179
145
745
845
1010
939
332
428
337
76
30
149
114
156
951
595
351
438
731
138
957
401
409
136
507
129
505
809
861
729
68
17
874
813
862
860
728
170
264
41
246
294
191
360
451
118
956
802
556
663
941
489
41
326
625
548
456
106
333
293
835
401
310
686
191
148
522
919
318
787
961
564
57
128
925
508
246
857
287
802
496
204
267
537
530
892
62
986
998
395
256
809
797
566
471
988
715
994
883
9
757
820
574
814
948
475
299
170
308
586
972
804
790
215
318
296
83
380
259
57
775
515
867
548
57
314
512
772
284
372
782
17
168
332
832
93
807
107
263
91
693
212
895
459
427
189
755
511
569
1014
568
321
505
411
869
563
726
358
311
1010
730
69
4
898
401
836
991
184
943
231
275
612
443
147
47
870
336
802
357
906
793
926
203
274
313
48
837
15
406
125
2
112
194
6
1011
596
842
978
780
761
185
32
349
628
179
396
475
515
174
832
397
967
734
600
218
24
649
31
39
31
156
41
144
351
47
131
947
889
85
703
626
271
735
975
899
914
347
350
406
522
159
803
465
893
380
683
917
5
715
957
36
871
998
180
198
22
311
121
911
397
825
514
668
536
465
543
427
813
894
833
311
29
612
776
922
992
436
816
997
127
749
10
998
723
190
173
745
502
294
633
899
95
123
543
632
588
62
35
377
956
868
688
985
456
441
884
425
877
676
398
1004
401
408
978
100
599
127
846
77
422
455
976
517
578
495
125
142
557
160
520
490
4
184
451
461
625
311
886
478
987
260
458
364
669
413
465
244
540
287
321
962
742
273
456
296
768
581
438
301
742
958
791
746
119
219
183
744
530
45
199
494
306
657
858
975
46
299
195
587
586
516
525
304
789
981
600
533
539
15
834
257
973
602
1003
68
821
163
813
327
208
1012
821
514
645
656
465
692
955
660
255
518
152
780
822
941
738
399
450
253
414
261
510
363
863
489
432
660
652
221
987
861
209
785
351
854
417
817
522
348
453
777
866
606
534
665
523
248
40
974
501
454
211
1011
817
50
476
225
710
105
446
673
966
655
434
293
486
851
86
1008
176
540
762
18
122
272
683
645
520
723
595
1021
153
806
1008
971
856
460
172
542
565
619
192
507
250
626
801
736
454
887
721
630
403
459
648
525
731
308
147
227
7
742
224
161
525
208
108
357
668
280
900
210
899
68
717
126
694
494
862
124
358
559
754
761
1018
379
263
725
687
410
952
694
128
152
855
653
360
963
1011
5
220
887
215
95
955
932
221
625
403
60
750
761
619
480
498
614
859
761
315
522
147
244
193
276
396
24
929
757
988
916
762
184
779
977
279
710
885
501
312
264
561
38
1
156
518
500
770
354
237
62
876
385
306
45
661
702
70
566
435
34
459
173
218
214
126
497
925
1012
998
213
252
535
251
254
692
769
754
438
99
991
500
976
352
806
1021
1013
485
67
556
920
101
1015
70
319
205
196
817
106
184
791
319
437
303
570
691
995
316
421
409
415
388
910
367
741
692
365
730
153
432
262
50
534
253
120
853
459
316
646
565
501
414
885
938
717
431
605
688
747
2
73
139
390
983
506
107
652
871
838
805
280
76
855
814
330
975
643
789
268
266
330
769
680
191
683
373
623
264
37
346
266
110
485
656
70
992
764
722
839
578
503
95
654
335
909
984
286
529
749
554
795
56
299
451
247
982
824
870
222
861
193
488
971
678
121
17
646
885
739
462
439
219
557
69
554
443
30
840
972
779
371
743
835
670
170
59
629
994
929
851
831
98
316
778
777
437
796
399
298
511
861
737
730
395
806
260
838
836
77
786
592
448
505
403
94
675
462
723
645
368
551
452
466
867
206
219
280
1002
619
578
490
456
291
196
851
73
457
665
910
534
427
478
982
932
881
52
583
320
776
204
688
303
656
130
146
863
350
426
841
969
1004
307
401
271
504
229
344
961
894
230
471
298
708
429
206
566
481
790
886
233
994
550
536
627
680
682
466
6
84
283
975
64
591
353
335
71
582
680
8
452
910
479
750
595
908
957
137
365
723
1023
599
693
549
111
296
205
794
762
212
878
22
163
943
613
516
254
684
74
934
692
527
821
147
253
392
31
186
529
396
909
528
995
579
53
83
875
258
877
614
470
731
636
634
650
225
126
905
909
201
815
577
728
612
724
981
1004
755
144
509
127
29
13
99
608
66
182
460
325
35
50
795
766
686
405
393
911
532
274
796
733
65
349
437
678
49
394
658
804
538
144
931
568
157
6
152
224
188
612
549
223
662
320
990
324
726
359
211
234
633
1007
967
698
332
380
352
381
774
1011
161
289
131
69
857
288
75
1009
512
264
598
37
487
236
358
453
561
60
812
772
294
421
756
237
96
64
617
448
446
367
435
607
656
566
676
489
855
752
475
343
1016
49
381
479
285
739
933
846
799
721
595
69
119
327
306
215
391
923
663
837
266
75
421
923
641
73
388
472
825
863
816
817
912
173
273
174
912
182
1020
687
903
591
756
1022
918
38
213
286
961
877
99
203
952
520
102
569
594
491
18
395
330
834
189
219
1007
462
393
895
644
389
558
523
981
290
522
875
328
735
137
265
588
237
468
516
757
571
62
327
38
80
723
368
914
912
587
897
350
980
768
994
346
302
493
303
592
1015
154
920
727
292
161
291
529
629
808
262
176
870
590
214
950
289
583
840
177
146
713
527
103
457
497
449
759
990
752
327
982
906
223
685
174
384
976
703
1013
760
966
166
606
532
380
532
821
963
348
998
86
37
501
189
494
998
638
229
964
366
556
922
248
779
583
423
139
536
102
129
272
44
295
879
576
675
387
373
615
736
347
701
773
848
890
244
822
504
473
763
870
6
661
94
785
221
517
925
757
620
30
5
664
325
884
217
1000
248
590
591
984
938
268
733
762
134
977
561
638
427
300
484
433
961
579
194
158
72
95
915
692
125
921
333
450
781
550
427
5
116
1018
989
30
263
699
793
397
652
330
12
55
630
496
488
567
51
683
726
124
778
617
816
904
514
125
330
272
675
757
277
792
752
243
822
1015
942
591
388
570
921
400
626
527
897
90
71
948
773
797
48
528
390
865
408
905
990
738
153
642
472
430
410
200
673
208
191
591
800
579
138
697
980
764
201
853
854
272
777
604
45
826
108
435
667
516
316
633
230
469
251
702
900
661
902
549
870
69
117
646
649
255
319
605
1019
520
434
849
792
187
429
837
1013
537
249
656
29
565
266
260
11
517
962
911
155
841
436
1
910
553
647
535
808
966
116
803
463
550
629
231
738
34
45
727
572
294
360
601
859
626
861
870
119
800
757
274
617
170
275
503
723
922
15
508
865
131
287
304
682
916
535
396
951
580
99
499
874
459
76
710
61
938
556
181
714
290
455
307
460
731
810
159
629
825
667
470
957
955
774
615
847
286
1011
774
866
86
249
717
546
326
403
607
240
959
788
954
225
220
237
685
951
23
845
556
849
488
3
782
419
777
373
243
39
360
1017
906
446
243
599
992
569
1002
576
809
937
340
739
139
560
976
824
487
999
645
20
824
110
23
582
529
800
955
772
840
291
766
722
738
1009
297
706
554
275
258
339
188
599
54
327
135
6
128
623
1005
773
643
806
883
666
364
389
442
296
137
258
587
903
980
301
888
253
1008
418
528
242
757
717
841
811
20
977
817
148
576
799
922
195
581
781
861
945
146
279
217
284
538
805
163
494
82
28
748
66
446
252
309
180
969
126
991
990
79
785
114
655
560
12
850
117
794
687
38
940
967
256
200
481
37
364
975
119
392
699
186
838
952
495
1018
897
621
986
863
701
747
978
332
283
990
159
400
760
846
438
677
789
694
877
246
731
217
198
851
609
897
13
424
825
508
418
699
105
380
538
806
103
492
115
386
459
274
786
195
96
201
872
886
895
726
108
603
943
306
430
529
180
443
953
1005
951
347
680
32
728
195
839
831
687
954
194
122
204
980
318
300
157
166
162
29
892
271
632
812
577
38
317
757
481
246
739
408
593
395
440
297
590
255
105
254
185
299
376
389
255
694
690
413
861
852
442
729
99
50
517
677
88
834
410
569
56
125
977
650
521
393
947
87
649
28
341
834
327
718
200
583
388
890
996
225
718
414
955
818
464
448
471
552
259
881
97
315
1007
50
965
504
443
889
591
68
917
933
903
221
627
79
804
1015
969
776
217
663
166
148
457
630
596
928
158
855
786
255
147
769
305
88
249
748
977
840
817
871
749
696
68
352
775
872
344
720
624
561
359
790
709
817
396
281
721
554
113
483
809
260
228
90
348
477
838
302
294
631
149
19
303
217
372
54
65
716
774
689
253
110
455
962
927
851
219
624
381
332
84
166
592
312
256
941
790
70
219
60
702
368
79
1005
585
451
36
650
143
810
315
396
920
770
334
823
597
554
424
978
886
508
120
455
820
376
372
586
446
591
646
124
959
726
106
520
153
142
146
297
952
461
693
849
207
4
648
804
558
48
758
420
556
878
875
353
230
223
939
676
814
562
801
749
264
907
245
417
25
391
714
977
852
384
802
35
388
427
839
946
475
573
342
8
427
194
361
657
417
276
310
208
838
87
957
78
994
179
496
1019
570
186
972
399
570
751
434
958
154
250
880
629
823
199
637
227
393
998
884
810
251
170
1018
65
257
952
144
227
107
640
222
677
826
171
52
373
922
487
307
52
737
164
681
536
363
295
763
756
269
624
542
520
794
537
586
28
465
730
255
572
346
478
225
148
649
278
521
547
765
829
599
478
993
256
1014
332
551
754
64
821
354
606
317
124
119
903
152
584
609
408
132
955
886
358
80
511
636
601
34
377
406
633
855
375
889
845
707
417
575
771
214
929
354
531
30
473
411
182
34
1020
590
166
952
452
524
8
963
136
609
997
513
1016
606
344
367
472
166
51
889
741
822
79
647
152
610
677
626
1021
859
660
1018
426
826
946
878
327
954
818
463
539
791
977
531
374
297
899
846
463
950
711
181
748
790
828
901
376
481
503
374
316
139
368
742
965
290
597
268
220
391
732
759
158
685
267
532
982
142
354
422
68
41
603
816
831
407
693
184
888
172
558
180
311
926
923
253
192
496
521
412
887
229
147
21
914
414
554
873
556
908
271
624
950
874
417
757
257
86
941
121
259
475
301
570
377
200
823
569
696
321
981
559
550
105
581
441
519
111
290
52
1019
561
676
945
411
69
679
668
156
596
789
415
48
66
985
425
267
785
995
963
82
952
499
632
33
56
49
553
167
339
605
162
900
257
84
287
327
763
955
483
335
720
898
383
787
859
809
30
620
780
993
702
708
468
311
742
524
360
271
691
700
876
854
576
109
938
864
436
677
795
919
1012
492
793
372
255
629
157
285
225
937
254
928
621
723
215
339
223
575
610
915
251
462
745
828
572
659
668
1008
312
439
904
300
931
673
672
162
278
829
447
504
742
702
408
340
401
623
679
624
174
266
515
426
728
236
230
276
895
898
261
183
313
141
484
221
814
132
383
69
962
831
573
680
509
981
1020
910
580
676
510
754
942
2
156
646
238
386
923
110
260
160
293
574
301
777
795
91
910
154
160
848
985
733
504
470
690
501
356
246
153
867
1001
71
869
133
717
83
520
616
193
780
776
487
330
53
240
101
145
126
256
305
974
217
15
455
688
705
956
20
952
85
887
929
156
732
38
873
816
558
466
1009
315
218
472
645
272
713
747
417
839
1003
722
790
196
737
221
884
419
153
905
347
238
768
252
394
477
290
243
269
849
709
254
140
928
727
785
176
416
508
593
231
487
291
1021
684
5
218
544
424
371
425
771
609
170
1023
1003
647
289
223
916
114
932
146
254
836
873
16
1012
265
524
581
497
1012
873
494
672
878
713
192
278
60
618
25
670
788
24
649
411
313
872
303
428
781
449
682
593
299
698
582
564
199
139
37
187
1012
532
859
866
221
27
120
281
645
145
951
409
169
577
820
483
425
99
911
182
549
569
776
848
244
334
388
443
473
426
630
462
958
465
304
155
492
425
436
114
570
364
523
740
941
320
199
342
419
86
525
968
655
277
792
899
611
157
318
60
583
948
522
517
389
827
672
882
228
84
996
798
448
495
514
365
815
713
708
211
799
209
155
431
486
948
306
73
81
625
133
664
549
656
157
939
459
829
797
687
913
769
461
338
240
976
703
32
665
387
243
441
596
398
872
58
322
154
131
403
779
265
43
305
921
200
220
356
5
1017
19
919
762
480
233
1002
432
936
10
74
300
253
515
896
652
363
955
974
517
62
354
273
327
397
578
224
598
798
580
603
791
599
498
529
56
731
507
488
644
518
562
944
771
53
816
399
416
747
350
934
810
704
183
113
77
761
338
675
535
918
255
302
494
753
831
550
461
314
14
81
832
577
1
580
630
817
979
23
541
305
957
327
1009
116
440
63
877
778
738
388
673
993
690
143
723
497
693
160
811
707
241
620
260
242
176
891
35
131
914
576
437
847
903
422
963
320
485
816
74
200
180
747
169
870
890
892
343
559
28
130
243
269
750
503
511
926
370
547
34
260
99
471
83
1003
893
22
299
355
838
373
555
1018
97
724
864
987
593
183
523
621
314
766
891
40
245
378
967
616
925
1001
876
1
448
960
1004
317
982
279
672
797
652
203
791
749
928
632
713
497
815
212
94
105
978
985
146
199
340
89
815
241
66
668
242
514
604
222
831
562
501
480
335
130
683
103
879
587
735
568
60
526
780
155
632
734
116
778
934
456
867
725
698
933
369
940
423
973
139
230
512
640
710
847
770
370
950
626
957
661
170
1018
164
951
149
796
661
265
550
571
722
393
273
396
302
642
312
725
592
451
955
80
68
642
927
838
1012
854
440
945
491
611
939
655
538
64
427
175
330
977
747
28
346
1020
424
648
638
736
349
206
164
281
286
232
923
190
46
911
20
487
832
511
74
748
143
612
812
570
787
118
524
510
146
870
506
570
495
121
283
844
327
447
101
614
679
0
804
725
911
824
188
720
311
262
444
454
874
232
1
638
351
525
124
497
371
631
44
866
752
327
687
55
774
788
669
429
789
449
130
676
249
319
372
561
581
816
1015
432
25
1016
46
376
517
170
873
889
801
917
731
529
220
394
585
994
159
230
399
948
680
530
600
929
849
973
466
406
765
458
838
790
450
884
142
968
31
1016
833
832
909
540
338
106
935
923
76
70
129
476
1018
809
1006
594
715
831
543
157
213
285
615
28
51
42
912
194
1010
943
186
819
752
71
335
66
177
246
989
254
316
94
730
310
904
712
905
595
519
424
752
732
709
344
760
761
386
649
955
372
568
117
167
296
188
502
362
366
749
327
620
41
422
326
352
302
14
233
897
533
657
625
241
343
969
1002
80
331
627
11
703
171
128
870
468
316
349
830
682
74
134
278
115
556
604
467
858
618
700
731
127
334
332
369
677
278
347
757
609
974
768
289
121
896
135
589
188
484
396
871
558
530
125
674
62
730
117
920
324
818
627
452
128
959
821
805
213
144
538
823
94
282
88
215
154
223
805
342
708
177
189
242
707
315
916
769
21
10
665
345
828
268
797
956
203
594
737
417
738
251
216
832
533
304
24
687
527
829
5
211
1006
195
454
689
510
346
434
531
356
75
876
160
343
650
92
546
220
829
963
959
56
155
767
589
459
791
252
987
596
258
174
578
453
628
243
963
975
677
470
307
752
322
468
71
972
560
618
169
366
557
104
422
713
871
1012
148
639
240
111
211
498
286
790
951
914
9
890
865
687
336
149
415
659
617
487
607
153
81
776
519
638
880
942
327
728
930
476
343
146
587
554
645
873
320
572
764
330
439
605
1017
775
754
408
410
347
895
1018
501
976
770
1020
591
627
938
918
331
844
370
674
991
958
204
612
807
525
160
547
855
599
129
848
351
883
232
761
207
104
755
708
56
502
704
647
105
619
542
436
439
912
86
406
846
290
1018
630
815
155
153
646
754
282
470
81
142
703
843
349
807
574
33
863
52
737
487
157
332
5
593
772
917
679
154
740
970
149
346
761
304
499
384
34
782
854
116
924
533
959
249
316
509
282
156
562
1019
643
719
328
648
289
76
541
968
230
257
914
379
603
652
683
79
12
718
861
866
834
761
376
769
1010
692
254
268
848
816
263
467
512
591
91
801
667
633
745
898
890
636
253
470
264
937
549
276
631
386
118
441
123
494
186
109
163
440
377
1011
233
640
455
745
208
546
522
875
155
243
749
22
879
1003
492
119
916
17
395
523
403
514
964
526
1008
126
635
147
566
1012
135
799
628
590
520
836
112
18
688
268
262
413
290
117
392
782
237
284
799
632
807
178
122
747
704
107
873
315
254
416
303
389
191
931
979
712
744
68
730
408
336
992
821
626
86
190
384
323
474
159
955
258
337
54
1005
17
161
855
332
415
247
635
805
438
542
760
126
262
828
857
670
140
825
468
766
911
658
126
210
108
285
142
366
622
196
348
639
357
179
971
772
426
582
553
864
101
290
991
363
94
824
10
235
625
478
1001
513
112
104
723
220
389
865
587
1012
37
935
627
394
90
575
143
516
133
696
356
234
986
323
598
57
123
608
292
749
62
269
238
174
373
961
394
763
803
981
751
840
892
354
211
982
929
354
474
39
26
831
273
1013
130
871
46
254
455
338
1003
517
607
217
691
981
154
62
720
957
19
447
774
912
801
985
870
707
315
321
746
341
128
1019
330
258
867
376
512
298
714
491
816
298
708
483
255
863
545
975
796
565
398
546
453
175
507
299
882
822
620
604
140
748
600
470
1007
443
847
495
741
537
987
533
835
671
1017
66
510
538
17
283
79
415
829
532
591
313
832
449
111
428
30
251
153
630
722
136
49
545
631
790
58
594
300
894
242
293
960
752
831
978
11
911
369
841
419
960
130
227
386
241
656
416
493
809
22
191
945
71
736
552
861
794
123
137
664
365
430
601
93
238
555
105
125
924
946
544
861
52
772
223
293
404
639
786
189
661
977
110
732
689
662
569
460
785
707
100
126
113
701
220
351
232
325
476
133
247
1021
994
299
769
193
592
149
832
355
338
469
308
448
177
998
86
746
434
872
429
534
998
543
212
194
894
444
519
347
577
766
344
547
41
89
740
634
238
548
989
576
1017
273
0
170
247
86
917
681
958
322
192
933
865
404
103
736
848
623
59
402
365
403
949
407
492
666
17
730
190
1006
282
184
255
282
354
503
368
247
160
303
570
352
212
411
756
315
123
581
938
182
983
280
585
908
687
53
550
704
783
741
686
41
925
941
323
255
420
692
503
581
995
49
933
183
460
666
498
584
223
413
766
182
693
328
66
356
381
617
36
141
334
722
182
235
639
506
490
36
174
993
617
145
18
526
328
479
168
826
39
391
215
805
573
908
109
640
240
491
233
276
632
567
998
814
802
614
296
268
650
470
238
243
615
256
769
943
735
938
746
774
305
961
556
879
846
665
495
62
132
728
339
764
271
313
555
49
927
851
317
553
298
555
796
913
812
542
833
523
456
555
274
761
492
830
616
314
471
87
377
604
815
716
344
62
5
899
111
933
727
429
462
1
984
235
914
772
777
723
272
209
254
546
970
747
352
563
37
823
650
414
403
442
106
748
504
112
623
616
21
326
21
483
327
1005
718
218
754
471
941
2
680
172
548
627
919
900
166
956
699
816
347
79
234
453
827
739
565
426
331
586
753
352
46
56
333
764
274
63
212
192
65
892
364
613
495
259
489
661
191
165
454
538
244
688
992
47
403
533
473
734
96
202
62
142
259
396
906
533
459
94
725
525
987
65
114
458
324
604
96
516
769
550
30
1013
214
1022
36
618
532
509
328
628
712
391
770
971
787
652
480
222
747
182
747
710
247
862
144
572
442
240
64
187
790
94
176
1005
93
212
599
625
721
927
229
409
294
999
356
57
627
837
280
350
1019
3
36
242
865
181
814
283
421
878
470
188
973
646
169
42
858
768
667
556
671
896
965
966
871
298
1023
474
111
279
825
106
283
861
348
124
18
139
408
440
1017
878
628
966
501
797
1008
335
541
651
891
188
523
833
130
370
107
130
845
218
409
646
324
692
483
672
817
502
811
201
942
805
55
546
747
556
319
732
892
860
359
759
24
883
568
155
229
675
285
50
893
694
696
193
363
156
866
156
658
653
357
576
434
412
98
158
969
417
890
837
253
225
572
277
84
117
432
314
792
717
364
662
388
37
855
751
193
697
907
851
327
240
403
761
652
501
919
597
918
785
410
147
1011
983
424
71
76
857
385
868
550
750
506
938
787
338
665
980
11
548
807
338
788
186
76
417
687
995
1014
581
757
401
728
744
360
128
815
436
985
177
280
512
927
787
426
690
101
68
646
112
616
429
451
381
615
527
798
278
498
788
859
231
165
563
975
525
691
767
961
653
944
218
141
847
1005
567
513
82
635
135
194
228
564
645
609
155
148
383
433
647
147
268
878
313
831
830
838
498
573
776
127
493
994
268
316
975
836
829
33
447
964
227
675
504
873
260
659
1021
643
68
644
791
336
499
80
143
305
918
641
878
670
769
347
640
13
663
591
849
468
624
273
408
852
948
912
701
185
547
698
828
615
319
595
951
818
675
70
99
570
711
977
216
456
300
857
470
963
424
295
407
25
568
815
877
493
703
554
678
226
228
482
841
547
54
768
341
729
838
440
275
525
393
492
982
693
325
428
632
749
723
15
774
268
830
627
761
509
157
415
735
386
897
552
933
951
296
251
657
110
691
932
636
61
400
594
754
725
1022
363
451
721
378
201
989
185
829
726
694
986
117
406
348
1015
958
258
942
231
509
575
341
176
484
977
237
884
547
992
586
545
331
13
243
709
214
208
894
19
935
565
1006
28
971
330
19
905
588
962
112
73
513
454
250
997
407
487
858
955
455
420
476
786
433
719
472
647
928
342
667
839
907
649
867
854
979
887
736
544
825
848
617
314
278
867
288
686
331
122
617
786
542
69
549
975
789
1021
598
693
339
241
508
223
890
351
53
846
214
789
366
15
614
983
330
892
827
618
554
134
740
147
920
258
217
445
209
1006
442
807
675
782
25
159
1005
915
510
34
737
725
824
79
740
414
39
46
282
866
664
837
1000
380
984
896
638
177
318
847
159
760
631
834
518
656
993
499
547
480
534
261
181
334
340
921
748
379
968
6
221
608
843
197
989
804
70
603
981
388
427
117
124
34
951
643
690
921
118
213
377
652
474
558
986
815
455
710
170
399
717
392
1008
536
589
973
316
659
552
274
23
979
391
148
1013
318
791
679
215
909
893
592
538
343
126
500
134
582
187
305
981
904
697
965
416
262
914
733
922
443
1007
945
398
374
69
388
692
860
43
908
746
936
476
260
256
603
760
390
161
947
695
118
827
368
60
220
631
974
953
529
393
936
450
792
286
520
156
978
356
199
862
78
112
315
338
368
918
75
758
55
1022
430
173
826
798
233
22
405
184
975
934
577
887
361
345
149
881
501
103
213
701
966
292
813
257
630
157
151
705
915
206
704
321
379
506
96
613
528
501
797
479
412
350
342
773
696
491
630
173
594
843
874
536
111
663
793
742
820
944
423
712
126
103
9
506
609
105
95
113
607
892
592
1019
218
934
768
914
401
374
64
996
193
938
508
305
578
278
23
374
198
446
62
325
550
72
831
135
177
926
249
784
794
841
779
1012
752
523
903
129
897
967
101
67
881
610
372
435
888
395
810
62
841
872
387
367
944
194
503
98
96
752
882
890
569
638
879
297
137
758
427
11
701
528
78
558
114
450
994
1002
845
780
41
662
628
428
6
549
623
509
647
719
237
505
586
806
119
441
80
257
175
507
268
876
11
346
410
126
796
380
104
617
136
145
255
765
574
261
290
173
770
937
892
1007
418
454
790
538
895
870
795
46
353
39
922
364
385
309
490
157
689
595
774
826
740
5
567
290
267
857
463
13
770
332
1021
164
786
787
702
658
633
473
704
986
512
603
326
897
912
817
30
577
388
804
379
104
810
946
395
53
779
858
66
525
166
63
690
953
850
368
587
459
842
267
421
330
870
748
204
758
541
234
312
929
15
691
9
825
614
404
878
369
239
944
895
405
1008
561
334
834
929
921
270
747
165
691
54
11
415
258
770
956
492
58
861
507
749
871
308
339
251
162
709
490
83
580
896
67
117
206
901
22
104
147
770
269
839
824
280
230
58
26
163
550
84
0
34
834
871
342
149
99
505
858
589
588
414
461
655
531
668
532
554
772
680
300
17
495
100
297
725
158
324
888
708
408
889
742
218
736
61
368
835
566
202
401
130
617
862
785
124
506
293
678
254
973
978
271
444
54
569
146
212
893
10
921
277
899
639
496
612
700
864
423
242
42
824
372
659
663
133
784
145
427
438
400
376
393
671
821
447
216
967
660
85
977
557
363
853
172
859
441
873
699
864
91
741
665
464
377
304
597
137
449
0
575
849
377
968
497
174
392
713
117
28
799
70
585
138
923
757
997
340
606
672
181
698
389
846
138
766
126
735
903
575
736
455
401
89
399
898
263
791
587
380
819
362
450
380
500
350
114
473
690
720
121
871
394
511
693
532
253
819
244
133
371
980
588
772
45
987
646
308
755
209
688
550
572
114
931
48
464
21
522
131
741
643
1002
112
130
672
644
384
467
888
517
838
844
81
586
889
44
208
173
799
418
861
326
990
976
233
14
416
254
536
547
995
156
526
83
286
174
728
670
641
592
163
456
413
244
18
278
289
227
452
64
645
289
390
611
241
623
625
658
877
138
181
849
294
707
932
580
881
636
227
499
205
390
955
618
635
973
896
924
176
324
988
821
614
355
408
855
978
10
489
832
148
671
657
442
354
565
1022
212
178
225
711
383
616
642
1001
227
591
873
127
768
174
91
565
788
446
974
619
401
984
85
209
108
756
866
550
86
407
548
298
585
774
1009
968
366
627
945
593
195
795
720
963
969
811
504
733
234
454
328
635
414
413
844
522
145
686
48
232
69
597
530
655
347
516
599
713
119
521
282
314
292
1002
253
237
789
758
970
1023
188
274
634
603
688
454
101
833
116
150
41
186
747
572
841
70
64
416
783
183
937
41
498
205
19
751
442
808
485
388
808
674
663
418
253
327
873
354
136
989
504
178
151
227
750
992
297
814
385
56
997
298
97
471
504
116
199
946
925
684
311
709
334
974
103
587
277
976
942
413
942
422
591
69
650
317
38
947
107
423
1004
81
721
77
552
201
194
751
124
95
412
435
804
746
385
907
310
662
860
228
51
778
650
643
847
276
960
885
200
44
284
180
125
1006
257
677
183
451
405
307
546
817
742
326
539
103
210
849
765
46
53
817
824
704
436
647
980
372
509
156
416
793
336
541
775
594
195
959
21
600
242
568
393
985
894
932
64
80
758
830
126
811
623
950
491
35
574
448
407
59
604
824
852
941
341
604
511
536
539
532
112
781
76
505
742
971
414
807
27
148
613
154
959
212
80
427
247
654
875
654
713
455
454
542
372
796
122
883
308
661
392
421
418
468
926
137
415
316
944
443
464
533
597
400
745
677
827
992
308
678
622
1021
109
53
539
482
849
661
341
133
298
733
554
717
178
457
854
593
773
774
12
214
283
609
614
4
263
417
996
571
71
594
568
180
647
84
662
472
745
1004
606
20
713
136
737
891
593
567
461
343
317
473
557
600
59
147
604
322
564
576
893
635
146
437
815
794
521
454
242
243
434
848
263
123
985
1000
1015
554
543
452
897
860
925
430
436
984
577
16
282
117
592
151
752
738
589
544
508
86
998
751
329
408
575
592
531
536
568
522
67
87
974
964
947
876
371
359
836
948
375
95
42
967
246
794
682
835
314
166
922
288
917
227
696
469
820
204
1005
364
726
48
452
677
1013
375
529
360
735
341
284
86
436
326
30
683
97
712
494
411
878
392
700
772
620
372
217
416
576
198
780
279
247
208
956
236
584
461
596
295
802
880
381
215
183
411
898
280
99
368
691
978
761
367
726
357
740
943
773
292
117
529
571
364
738
503
600
298
964
172
593
743
29
974
958
212
362
832
492
461
176
159
415
937
527
117
270
243
36
19
535
154
549
83
518
263
586
95
561
527
267
130
246
296
80
180
508
442
1012
1000
904
164
136
295
78
663
413
348
906
449
368
417
603
917
500
98
156
63
193
717
590
460
847
836
757
927
1016
241
346
1004
218
226
144
354
521
222
1017
934
571
899
360
939
292
963
832
793
37
988
856
230
681
422
691
504
234
424
407
226
665
753
206
883
979
350
213
477
573
206
387
120
81
747
35
374
687
867
143
724
831
999
955
488
397
622
992
631
22
375
857
687
105
39
547
60
389
760
537
962
967
925
58
24
648
93
398
311
960
541
12
767
516
967
231
913
565
199
520
587
575
353
250
680
392
797
740
782
534
254
720
477
155
779
501
803
872
900
91
809
417
103
552
934
46
784
823
611
983
320
174
534
673
424
190
42
198
931
824
732
161
520
185
316
275
686
95
124
562
186
933
980
289
461
890
335
221
689
946
181
1009
96
715
659
521
906
701
719
813
501
427
974
1021
612
266
273
274
361
397
837
548
306
793
837
767
659
149
989
324
71
146
310
168
861
969
689
743
646
384
532
123
811
482
120
399
748
393
673
86
790
486
634
72
255
447
840
914
596
